514b3007-7aa5-5074-a50c-3330dddee2dd linpackd;Default 0 -0.04406155 -0.02224348 0.00416871 0.00219780 0.00815395 0.02290856 -0.01928161 -0.00419648 0.00000000 0.00000000 0.00177350 0.01418093 -0.00411497 -0.00106001 0.00000000
514b3007-7aa5-5074-a50c-3330dddee2dd stream;Default 1 -0.09152071 -0.05719424 0.00233625 0.00151246 0.00991988 0.02110092 -0.02368616 -0.00600102 -0.00116835 0.00026690 0.00600574 0.01191298 -0.02072539 -0.00224448 -0.00025536
f7760cae-c8c9-56d1-a639-05796f53e1fa linpackd;Default 1 -0.09940358 -0.05076579 0.01873767 0.00073031 0.01223075 0.03156026 -0.05720540 -0.00967771 -0.00426814 0.00056433 0.00265750 0.02860064 -0.01003578 -0.00303712 -0.00013278
f7760cae-c8c9-56d1-a639-05796f53e1fa stream;Default 1 -0.10671833 -0.06969451 -0.01025992 0.00198599 0.01453548 0.04800591 -0.09743745 -0.01954656 -0.00135884 0.00000000 0.00508156 0.04025111 -0.01829314 -0.00769920 -0.00003381
63350ef2-0c63-54aa-a2b0-e4a572f2cba8 linpackd;Default 1 -0.08799116 -0.04809559 0.01002004 0.00395687 0.00764160 0.04615703 -0.05574091 -0.01177488 -0.00295130 0.00066960 0.00367290 0.02898851 -0.02498833 -0.00597578 -0.00151573
63350ef2-0c63-54aa-a2b0-e4a572f2cba8 stream;Default 1 -0.13022312 -0.08080238 0.00274725 0.00306279 0.01221811 0.02849604 -0.04817861 -0.00953253 -0.00169076 0.00019142 0.00198553 0.02273787 -0.04269487 -0.00557178 -0.00083507
b6198c99-af22-577b-9671-8a27b0492afa compiler.sunflow 0 0.03822314 0.04488175 0.06104651 0.00000000 0.00000000 0.00000000 0.00000000 0.00000000 0.00000000 0.00000000 0.00000000 0.00000000 0.00000000 0.00000000 0.00000000
b6198c99-af22-577b-9671-8a27b0492afa compress 0 0.12361111 0.16383555 0.22222222 0.00000000 0.00000000 0.00000000 0.00000000 0.00000000 0.00000000 0.00000000 0.00000000 0.00000000 0.00000000 0.00000000 0.00000000
b6198c99-af22-577b-9671-8a27b0492afa crypto.signverify 0 -0.01818182 0.00643452 0.01156069 0.00000000 0.00000000 0.00000000 0.00000000 0.00000000 0.00000000 0.00000000 0.00000000 0.00000000 0.00000000 0.00000000 0.00000000
b6198c99-af22-577b-9671-8a27b0492afa mpegaudio 0 0.04571429 0.07671525 0.11111111 0.00000000 0.00000000 0.00000000 0.00000000 0.00000000 0.00000000 0.00000000 0.00000000 0.00000000 0.00000000 0.00000000 0.00000000
b6198c99-af22-577b-9671-8a27b0492afa scimark.monte_carlo 0 -0.02192982 0.00000000 0.02613240 0.00000000 0.00000000 0.00000000 0.00000000 0.00000000 0.00000000 0.00000000 0.00000000 0.00000000 0.00000000 0.00000000 0.00000000
b6198c99-af22-577b-9671-8a27b0492afa scimark.sor.small 0 -0.00190840 0.00082919 0.02571429 0.00000000 0.00000000 0.00000000 0.00000000 0.00000000 0.00000000 0.00000000 0.00000000 0.00000000 0.00000000 0.00000000 0.00000000
fa14a889-a566-5691-be3a-a0e04a378811 bt_C_x 0 -0.00466089 0.00304264 0.03164124 0.00396203 0.02051387 0.11604668 -0.08509125 -0.01844918 -0.00170299 0.00158481 0.00724590 0.04425412 -0.02705222 -0.00898033 -0.00014032
fa14a889-a566-5691-be3a-a0e04a378811 ep_C_x 0 -0.00334548 0.00080754 0.00323415 0.00241870 0.00607756 0.02880076 -0.02721425 -0.00718469 0.00000000 0.00052752 0.00208751 0.00723557 -0.01066760 -0.00280292 0.00000000
fa14a889-a566-5691-be3a-a0e04a378811 ft_C_x 0 -0.01004863 0.00525156 0.01737253 0.00734341 0.01063009 0.05162268 -0.03191997 -0.00711620 -0.00328720 0.00234826 0.00798788 0.01916908 -0.02885386 -0.00170375 -0.00035118
fa14a889-a566-5691-be3a-a0e04a378811 is_D_x 0 -0.00857605 0.00226039 0.01059086 0.00114248 0.00933240 0.05597810 -0.02677213 -0.00758856 -0.00293651 0.00103175 0.00344699 0.01047987 -0.01855796 -0.00155727 0.00000000
fa14a889-a566-5691-be3a-a0e04a378811 mg_C_x 0 0.00557215 0.01457361 0.07817387 0.01209808 0.05424740 0.12463064 -0.10443088 -0.02322020 -0.00338811 0.00344433 0.02694197 0.06843875 -0.08165167 -0.00987804 -0.00019813
fa14a889-a566-5691-be3a-a0e04a378811 sp_C_x 0 -0.02526615 0.00808522 0.02547061 0.00119590 0.02786095 0.07968346 -0.04585998 -0.02399772 -0.00205818 0.00025420 0.01060309 0.05212901 -0.01658561 -0.00556984 -0.00116203
fa14a889-a566-5691-be3a-a0e04a378811 ua_C_x 0 -0.04645094 -0.00441347 0.01535682 0.01129944 0.03946194 0.12534209 -0.10946907 -0.02095196 -0.00282486 0.00282486 0.01924048 0.06130268 -0.05637657 -0.00524535 -0.00282486
ee02c243-a3a2-5a42-a51a-63af60d68806 bt_C_x 0 -0.04434074 0.02066355 0.19182193 0.03177492 0.07211238 0.13209123 -0.12241826 -0.04086539 -0.03122753 0.00162731 0.02795678 0.04987138 -0.09439137 -0.01100243 -0.00164105
ee02c243-a3a2-5a42-a51a-63af60d68806 ep_D_x 0 -0.01545359 0.00271469 0.00543478 0.00279385 0.01749263 0.06055615 -0.03003585 -0.00665622 -0.00158667 0.00086281 0.00289358 0.03018018 -0.01477570 -0.00246767 -0.00039667
ee02c243-a3a2-5a42-a51a-63af60d68806 ft_C_x 0 -0.04159712 -0.00320662 0.04601668 0.01816855 0.04045991 0.05476601 -0.15702820 -0.06032821 -0.00810462 0.00457424 0.00910120 0.03054299 -0.11496332 -0.01827870 -0.00748766
ee02c243-a3a2-5a42-a51a-63af60d68806 is_D_x 0 -0.05362776 0.00525248 0.02055407 0.00749350 0.01550802 0.03019410 -0.07041667 -0.01631368 -0.00316265 0.00021155 0.00610046 0.01007005 -0.04458333 -0.00743713 -0.00030120
ee02c243-a3a2-5a42-a51a-63af60d68806 mg_C_x 0 -0.01651462 0.00281863 0.02052588 0.00818057 0.03898940 0.07366604 -0.14046489 -0.02967475 -0.00652577 0.00010770 0.00922369 0.02932019 -0.01688359 -0.01367495 -0.00395999
ee02c243-a3a2-5a42-a51a-63af60d68806 sp_C_x 1 -0.08842037 -0.04239454 0.01170463 0.00956411 0.06369878 0.14690159 -0.38418200 -0.06191627 -0.01713052 0.00518894 0.02538938 0.08695830 -0.04643093 -0.02569882 -0.01127906
ee02c243-a3a2-5a42-a51a-63af60d68806 ua_C_x 0 -0.12723658 -0.00591712 0.53717949 0.01901141 0.05123038 0.25521268 -0.42748671 -0.06817900 -0.02091255 0.00380228 0.03069692 0.24270225 -0.13059985 -0.02896945 -0.00556881
93ee3fac-8403-5720-b0d2-1519f64aa9ae bt_C_x 0 -0.06630917 0.00561457 0.09021865 0.00726661 0.04533619 0.11300601 -0.09714022 -0.04233436 -0.01270221 0.00440833 0.01656530 0.09606009 -0.05059478 -0.02724977 -0.00305148
93ee3fac-8403-5720-b0d2-1519f64aa9ae ep_C_x 0 -0.02857591 -0.00041911 0.00977273 0.00023020 0.01260410 0.16276063 -0.03717472 -0.00322284 -0.00045600 0.00000000 0.00356394 0.14530467 -0.03620495 -0.00138122 0.00000000
93ee3fac-8403-5720-b0d2-1519f64aa9ae ft_C_x 0 -0.05929023 0.00213505 0.05062878 0.01341734 0.07535944 0.11556702 -0.27238476 -0.06578468 -0.01209972 0.00245069 0.01551309 0.07143008 -0.12945552 -0.01341480 -0.00342606
93ee3fac-8403-5720-b0d2-1519f64aa9ae is_D_x 0 -0.01967005 0.00502513 0.04450339 0.00129450 0.01516245 0.05768249 -0.05972435 -0.02465611 -0.00875000 0.00064725 0.00423251 0.05104645 -0.03011741 -0.01167921 -0.00046992
93ee3fac-8403-5720-b0d2-1519f64aa9ae mg_C_x 0 -0.02478500 -0.00606069 0.10037178 0.00396687 0.04002680 0.08454555 -0.12493767 -0.04326779 -0.01792213 0.00117169 0.01852745 0.06661797 -0.05007826 -0.01341027 -0.00716772
93ee3fac-8403-5720-b0d2-1519f64aa9ae sp_C_x 0 -0.02848613 -0.00394706 0.02944161 0.00754874 0.04098326 0.13281550 -0.07324921 -0.02274494 -0.00851703 0.00128205 0.01430658 0.05277366 -0.05950041 -0.00950244 -0.00074129
93ee3fac-8403-5720-b0d2-1519f64aa9ae ua_C_x 0 -0.06658879 0.01577287 0.08439306 0.00523560 0.03260870 0.06823028 -0.04604486 -0.02795031 -0.01047120 0.00523560 0.01126408 0.04797441 -0.03069658 -0.00785340 0.00000000
cd62e418-ec96-56b1-9357-dee73241ff46 bt_C_x 0 -0.01790984 0.00005380 0.02871330 0.00071413 0.00165580 0.03147588 -0.01876865 -0.00182578 -0.00082622 0.00006328 0.00161086 0.02727409 -0.00152676 -0.00092078 -0.00013009
cd62e418-ec96-56b1-9357-dee73241ff46 ep_C_x 0 -0.00409019 0.00000000 0.00152542 0.00189394 0.00794827 0.03336605 -0.04166667 -0.00309848 -0.00033847 0.00000000 0.00181159 0.01832590 -0.00284330 -0.00094697 -0.00016923
cd62e418-ec96-56b1-9357-dee73241ff46 ft_C_x 0 -0.00794997 -0.00266414 0.00240983 0.00162392 0.00453299 0.03610045 -0.03063158 -0.00836240 -0.00048843 0.00079555 0.00149898 0.00949235 -0.00699337 -0.00227667 -0.00012541
cd62e418-ec96-56b1-9357-dee73241ff46 is_D_x 0 -0.02004717 -0.00203597 0.00693101 0.00012572 0.00437090 0.01200576 -0.01467374 -0.00320154 -0.00130615 0.00000000 0.00437090 0.01072515 -0.00192092 -0.00108846 -0.00006775
cd62e418-ec96-56b1-9357-dee73241ff46 mg_C_x 0 -0.00199837 0.00269646 0.00531760 0.00153260 0.00519867 0.01128649 -0.00593298 -0.00496694 -0.00053984 0.00020745 0.00218244 0.00849274 -0.00341537 -0.00144264 -0.00029325
cd62e418-ec96-56b1-9357-dee73241ff46 sp_C_x 0 -0.00472016 -0.00284101 0.00648064 0.00175023 0.00540241 0.00867403 -0.01370674 -0.00740609 -0.00236217 0.00117524 0.00259528 0.00862962 -0.00510077 -0.00203252 -0.00002384
cd62e418-ec96-56b1-9357-dee73241ff46 ua_C_x 0 -0.01715040 -0.00259740 0.00250627 0.00268456 0.00476190 0.01600610 -0.00952381 -0.00304878 -0.00134228 0.00000000 0.00195312 0.01219512 -0.00476190 -0.00058789 0.00000000
ecf1e729-4a63-5742-843e-edd2a55637f1 bt_C_x 0 -0.02326040 -0.00047336 0.02684573 0.00357231 0.01108633 0.06513506 -0.02183173 -0.00915131 -0.00551440 0.00086295 0.00548088 0.03003877 -0.01264528 -0.00391502 -0.00030894
ecf1e729-4a63-5742-843e-edd2a55637f1 ep_D_x 0 -0.02731562 -0.00284030 0.04341603 0.00000000 0.00504969 0.04069502 -0.02344521 -0.00274384 -0.00091449 0.00000000 0.00102540 0.03932327 -0.02319842 -0.00151769 -0.00041364
ecf1e729-4a63-5742-843e-edd2a55637f1 ft_C_x 0 -0.03615672 0.00242687 0.01748150 0.00163539 0.00401862 0.09141791 -0.02582599 -0.00907593 -0.00223547 0.00048753 0.00285470 0.08453395 -0.01050275 -0.00526269 -0.00050637
ecf1e729-4a63-5742-843e-edd2a55637f1 is_D_x 0 0.00156451 0.00437555 0.01152018 0.00401674 0.00846560 0.01258363 -0.00814505 -0.00310614 -0.00116212 0.00015179 0.00187903 0.00915535 -0.00334326 -0.00149428 0.00000000
ecf1e729-4a63-5742-843e-edd2a55637f1 mg_D_x 0 -0.03354446 -0.00701457 0.01543180 0.01070169 0.02829736 0.09611447 -0.07033633 -0.03266581 -0.00318397 0.00007406 0.00726667 0.06350780 -0.04738612 -0.00524310 -0.00057358
ecf1e729-4a63-5742-843e-edd2a55637f1 sp_C_x 0 -0.02592408 -0.00771856 0.00683567 0.00229254 0.01613407 0.04155427 -0.04129234 -0.02142317 -0.00756860 0.00008507 0.00354150 0.02978274 -0.03307864 -0.00603287 -0.00062428
ecf1e729-4a63-5742-843e-edd2a55637f1 ua_C_x 0 -0.02769572 0.00257534 0.00967622 0.00368189 0.00923981 0.02696544 -0.03902798 -0.01286269 0.00000000 0.00113938 0.00513743 0.01215278 -0.01460823 -0.00439397 0.00000000
ff38b8c5-edd8-5320-9a61-98194d711474 bt_C_x 0 -0.01930558 0.00697684 0.03324892 0.00765407 0.02159451 0.04888990 -0.03065534 -0.02089569 -0.01075759 0.00227305 0.00867602 0.04496562 -0.01429095 -0.00454520 -0.00013575
ff38b8c5-edd8-5320-9a61-98194d711474 ep_D_x 0 -0.02291365 0.00056703 0.00094057 0.00000000 0.00558718 0.01690047 -0.02054568 -0.00147301 -0.00074056 0.00000000 0.00081589 0.01351747 -0.01093560 -0.00103226 0.00000000
ff38b8c5-edd8-5320-9a61-98194d711474 ft_C_x 0 -0.01864160 -0.00095008 0.00437293 0.00521342 0.01871376 0.03321556 -0.06506597 -0.01354826 -0.00318308 0.00064180 0.00760973 0.03139185 -0.01485127 -0.00499143 -0.00020536
ff38b8c5-edd8-5320-9a61-98194d711474 is_D_x 0 -0.00848780 0.00303342 0.01742160 0.00228503 0.00476576 0.01165529 -0.00721587 -0.00365114 -0.00150351 0.00054119 0.00193089 0.00597862 -0.00571257 -0.00211637 -0.00006143
ff38b8c5-edd8-5320-9a61-98194d711474 mg_D_x 0 -0.06350768 -0.00772679 0.00623597 0.01157446 0.01552999 0.07826228 -0.06367652 -0.01824989 -0.00398521 0.00466939 0.01200138 0.04552440 -0.05855630 -0.00499389 -0.00048078
ff38b8c5-edd8-5320-9a61-98194d711474 sp_C_x 0 -0.02116786 0.00119071 0.05394594 0.00712869 0.01774399 0.03783887 -0.03842903 -0.01664140 -0.01009030 0.00113055 0.00598072 0.02527332 -0.02910829 -0.00415942 -0.00166688
ff38b8c5-edd8-5320-9a61-98194d711474 ua_C_x 0 -0.02389210 0.00199442 0.03331995 0.00508906 0.01183564 0.03030303 -0.03575685 -0.01291441 -0.00194250 0.00157916 0.00315432 0.01670552 -0.01539676 -0.00365605 0.00000000
283d17ba-0584-522c-8b9e-461eabef58a6 bt_C_x 1 -0.10679168 -0.07241765 0.00577558 0.01503629 0.03402474 0.07955734 -0.03852505 -0.02728493 -0.01214768 0.00507232 0.02020688 0.04426573 -0.02929034 -0.01259460 -0.00190840
283d17ba-0584-522c-8b9e-461eabef58a6 ft_C_x 0 -0.04956593 0.01476928 0.13516427 0.00925416 0.02677453 0.11597101 -0.05381988 -0.03440690 -0.02184769 0.00459121 0.01596182 0.10837291 -0.02986344 -0.01290342 -0.00062422
283d17ba-0584-522c-8b9e-461eabef58a6 is_D_x 0 -0.09043659 0.00285139 0.01265823 0.00312989 0.02141912 0.04869913 -0.07542857 -0.03621934 -0.00384986 0.00156495 0.00931034 0.02568379 -0.06228571 -0.01160566 -0.00096246
283d17ba-0584-522c-8b9e-461eabef58a6 sp_C_x 1 -0.71807105 -0.65657172 -0.12478320 0.02008766 0.07322051 0.11264201 -0.11991721 -0.05830782 -0.01075659 0.00803506 0.04643092 0.06146133 -0.04248100 -0.00734143 -0.00205463
283d17ba-0584-522c-8b9e-461eabef58a6 ua_C_x 0 -0.12077295 -0.06775335 0.03017241 0.01948052 0.03400156 0.09523810 -0.11538462 -0.03531197 -0.01948052 0.01098901 0.02020051 0.04132231 -0.04395604 -0.02289377 0.00000000
97edfe94-033f-53a3-b41e-21d734380e1a ep_C_x 1 -0.07202505 -0.05132193 -0.04109589 0.00000000 0.00965517 0.05081967 -0.01803279 -0.00952381 0.00000000 0.00000000 0.00413793 0.03770492 -0.01124859 -0.00240964 0.00000000
97edfe94-033f-53a3-b41e-21d734380e1a ft_C_x 1 -0.16684654 -0.04579142 0.27540707 0.04886639 0.06174757 0.12299223 -0.09039191 -0.02230236 -0.01220392 0.00459845 0.03147700 0.04172673 -0.07395702 -0.00682368 -0.00183636
97edfe94-033f-53a3-b41e-21d734380e1a mg_C_x 1 -0.09759588 -0.03768095 0.29586528 0.02872195 0.04712097 0.28316728 -0.16904535 -0.03583807 -0.02293578 0.00422610 0.02108989 0.13177017 -0.12424675 -0.02465320 -0.00613973
97edfe94-033f-53a3-b41e-21d734380e1a sp_C_x 0 0.02122800 0.02682927 0.32197497 0.01087147 0.03394256 0.09387885 -0.07488725 -0.04163947 -0.01472909 0.00113942 0.00284833 0.00539169 -0.03351808 -0.01998097 0.00000000
11350761-c667-5049-b3ea-343d63e36f63 bt_C_x 1 -0.47652724 -0.08230384 0.00780650 0.01082082 0.06057143 0.20384248 -0.34105558 -0.02377778 -0.01789064 0.00291068 0.01174603 0.16290298 -0.14125015 -0.01582681 -0.00198013
11350761-c667-5049-b3ea-343d63e36f63 ep_C_x 0 -0.00909091 0.00000000 0.03001580 0.00229358 0.00909091 0.06595092 -0.00917431 -0.00418848 0.00000000 0.00000000 0.00229358 0.01533742 -0.00917431 -0.00104712 0.00000000
11350761-c667-5049-b3ea-343d63e36f63 ft_C_x 0 -0.07977482 -0.01498405 0.03523559 0.01694719 0.07101947 0.15219338 -0.16666667 -0.03241735 -0.00720769 0.00535771 0.01889223 0.06729335 -0.05490898 -0.01041124 -0.00020021
11350761-c667-5049-b3ea-343d63e36f63 is_D_x 0 -0.06451613 -0.01315789 0.00691244 0.01333333 0.03661327 0.04896907 -0.10666667 -0.01794872 -0.01030928 0.00000000 0.01333333 0.02867384 -0.03225806 -0.00512821 0.00000000
11350761-c667-5049-b3ea-343d63e36f63 mg_C_x 1 -0.36750319 -0.03045864 0.03625644 0.01581526 0.07385910 0.15098755 -0.42029392 -0.03330189 -0.00830001 0.00050437 0.01224633 0.09847421 -0.03472807 -0.01269680 -0.00124256
11350761-c667-5049-b3ea-343d63e36f63 sp_C_x 1 -0.63167077 -0.39240228 -0.00245098 0.00325262 0.06775523 0.14294790 -0.23401101 -0.09339234 -0.00614384 0.00252982 0.02925606 0.08809826 -0.04669617 -0.00995341 -0.00216158
11350761-c667-5049-b3ea-343d63e36f63 ua_C_x 1 -0.43859649 -0.05813953 0.03529412 0.00000000 0.04651163 0.12345679 -0.09375000 -0.03409091 0.00000000 0.00000000 0.02702703 0.04705882 -0.04938272 -0.02272727 0.00000000
0c25ee0e-9620-5011-ac96-bd4c7786e68a bt_C_x 1 -0.12626640 -0.05393510 0.01369252 0.00054385 0.00918602 0.04049802 -0.06273088 -0.01411916 -0.00147783 0.00013596 0.00205704 0.02289985 -0.03888511 -0.00391784 -0.00007037
0c25ee0e-9620-5011-ac96-bd4c7786e68a ep_D_x 0 -0.02117061 0.00081699 0.01904762 0.00000000 0.01550449 0.04095963 -0.02671756 -0.00150627 0.00000000 0.00000000 0.00294431 0.00877706 -0.02290076 -0.00054377 0.00000000
0c25ee0e-9620-5011-ac96-bd4c7786e68a ft_C_x 0 -0.03819716 -0.00634621 0.01975539 0.00264224 0.00790528 0.05084746 -0.03654786 -0.01688126 -0.00901551 0.00067551 0.00282335 0.01882974 -0.03146517 -0.00605811 -0.00158534
0c25ee0e-9620-5011-ac96-bd4c7786e68a is_D_x 0 -0.00222965 0.00271879 0.01190476 0.00223464 0.00529530 0.05909091 -0.01038819 -0.00274170 0.00000000 0.00000000 0.00137878 0.00882353 -0.00294118 -0.00054061 0.00000000
0c25ee0e-9620-5011-ac96-bd4c7786e68a mg_D_x 1 -0.14009416 -0.00916321 0.03488372 0.01641664 0.05481666 0.12148639 -0.11872701 -0.05438960 -0.01313852 0.00123926 0.02772459 0.08253754 -0.08318617 -0.01665907 -0.00026214
0c25ee0e-9620-5011-ac96-bd4c7786e68a sp_C_x 1 -0.20362148 -0.10605657 0.00590357 0.00789452 0.02168025 0.15991142 -0.13254775 -0.03038014 -0.00582817 0.00018033 0.01059349 0.05282929 -0.03128412 -0.00358943 -0.00198359
0c25ee0e-9620-5011-ac96-bd4c7786e68a ua_C_x 1 -0.10000000 -0.05845725 0.00381679 0.00000000 0.01442341 0.06772908 -0.05468750 -0.03120913 -0.01449275 0.00000000 0.01048811 0.01953125 -0.03585657 0.00000000 0.00000000
733e1ba6-ebbe-5129-a66d-6a2b76bd2ff9 bt_C_x 1 -0.11647448 -0.07613125 -0.00506971 0.00274561 0.00906084 0.50443355 -0.05119710 -0.01943852 -0.00133145 0.00014167 0.00486137 0.17773184 -0.05079987 -0.00682743 -0.00079583
733e1ba6-ebbe-5129-a66d-6a2b76bd2ff9 ep_D_x 0 -0.01245330 -0.00207590 0.01674641 0.00240137 0.01284141 0.02321582 -0.00975610 -0.00607552 -0.00166436 0.00000000 0.00228604 0.01341463 -0.00731707 -0.00323935 -0.00102916
733e1ba6-ebbe-5129-a66d-6a2b76bd2ff9 ft_D_x 0 -0.02958730 -0.01056419 0.03080821 0.00065428 0.01488368 0.04281519 -0.01968843 -0.01359119 -0.00588851 0.00026171 0.00773545 0.02297576 -0.01230725 -0.00475747 -0.00015725
733e1ba6-ebbe-5129-a66d-6a2b76bd2ff9 is_D_x 0 -0.01618705 0.00034902 0.00500000 0.00331236 0.01390653 0.01729660 -0.03107861 -0.00657005 -0.00398010 0.00062402 0.00375061 0.01096892 -0.02376600 -0.00210629 0.00000000
733e1ba6-ebbe-5129-a66d-6a2b76bd2ff9 mg_D_x 1 -0.16748617 -0.04114248 0.02090130 0.02039672 0.05978051 0.18213650 -0.30745490 -0.08965988 -0.01113032 0.01007713 0.02910131 0.05613914 -0.08238501 -0.02002232 -0.00203118
733e1ba6-ebbe-5129-a66d-6a2b76bd2ff9 sp_C_x 1 -0.23328703 -0.11065467 0.01878893 0.01272598 0.04189690 0.16416299 -0.09611398 -0.03969369 -0.02129830 0.00039633 0.00627381 0.08004411 -0.05730629 -0.02159283 -0.00181180
733e1ba6-ebbe-5129-a66d-6a2b76bd2ff9 ua_C_x 1 -0.15053763 -0.08305260 -0.03526448 0.00000000 0.04353031 0.39662447 -0.37130802 -0.03923485 -0.00925926 0.00000000 0.02757867 0.08093995 -0.21940928 -0.01531793 0.00000000
94a967fc-0724-52f5-a26d-aff8382b85f2 bt_C_x 1 -0.45439732 -0.25896330 0.07103418 0.00525394 0.01410736 0.05760704 -0.07012956 -0.01280858 -0.00118162 0.00202642 0.00406694 0.04475544 -0.04004434 -0.00477283 0.00000000
94a967fc-0724-52f5-a26d-aff8382b85f2 ft_C_x 1 -0.37549627 -0.22294705 -0.01885493 0.00089121 0.01614615 0.03871253 -0.03714676 -0.02969931 -0.00376065 0.00035649 0.00656573 0.03705342 -0.01549791 -0.00605967 -0.00110607
94a967fc-0724-52f5-a26d-aff8382b85f2 is_D_x 1 -0.30038023 -0.07767094 0.00075643 0.00263158 0.01116779 0.07070707 -0.03030303 -0.00804090 0.00000000 0.00105374 0.00533128 0.05050505 -0.01315789 -0.00444711 0.00000000
94a967fc-0724-52f5-a26d-aff8382b85f2 mg_C_x 0 -0.43598383 -0.04810769 0.00874069 0.01562947 0.03273864 0.25259389 -0.22689319 -0.03405447 -0.00612484 0.00108312 0.01046187 0.24419114 -0.07584367 -0.00588748 -0.00013032
94a967fc-0724-52f5-a26d-aff8382b85f2 sp_C_x 1 -0.65249465 -0.62460115 -0.16672842 0.00548446 0.02352346 0.08333333 -0.49200183 -0.07766574 -0.00591825 0.00462364 0.01817809 0.05055732 -0.04498408 -0.00696671 -0.00166451
94a967fc-0724-52f5-a26d-aff8382b85f2 ua_C_x 0 -0.40740741 0.58403361 1.50000000 0.00000000 0.05874384 0.18131868 -0.14835165 -0.06857143 -0.00877193 0.00000000 0.01066478 0.15934066 -0.13186813 -0.01920973 0.00000000
ae9f20b4-6d6d-5348-9def-efac45ec093d bt_C_x 0 -0.14202667 -0.02156343 0.15235975 0.00309127 0.00704717 0.03852634 -0.02649989 -0.01434672 -0.00124134 0.00020689 0.00330522 0.03264567 -0.02101972 -0.00249189 -0.00037499
ae9f20b4-6d6d-5348-9def-efac45ec093d ep_D_x 0 -0.03214025 -0.00646237 0.03880914 0.00000000 0.00534759 0.02450057 -0.03094340 -0.00518135 -0.00113080 0.00000000 0.00104910 0.01586489 -0.03018868 -0.00113080 0.00000000
ae9f20b4-6d6d-5348-9def-efac45ec093d ft_C_x 0 -0.11532465 -0.00676107 0.04226632 0.00261628 0.01163939 0.05005871 -0.03430233 -0.01787377 -0.00446444 0.00000000 0.00167559 0.00867304 -0.01561183 -0.00203081 -0.00053978
ae9f20b4-6d6d-5348-9def-efac45ec093d is_D_x 0 -0.08018868 -0.01776650 0.02523240 0.00512821 0.00870985 0.03923593 -0.02583979 -0.00970874 -0.00388098 0.00100604 0.00512821 0.00970874 -0.02067183 -0.00518135 0.00000000
ae9f20b4-6d6d-5348-9def-efac45ec093d mg_D_x 1 -0.18178365 -0.08945189 0.02705277 0.00249972 0.03475428 0.09061399 -0.30628948 -0.02340683 -0.00608040 0.00090080 0.02058075 0.05713226 -0.02158574 -0.00541485 -0.00100228
ae9f20b4-6d6d-5348-9def-efac45ec093d sp_C_x 1 -0.52449667 -0.44572319 -0.00049499 0.00602731 0.01225703 0.05397802 -0.11551319 -0.02973978 -0.00396438 0.00041962 0.00660870 0.03507692 -0.08969641 -0.01732710 -0.00024396
ae9f20b4-6d6d-5348-9def-efac45ec093d ua_C_x 0 -0.09283820 0.01052632 0.24921136 0.00000000 0.03645833 0.06325301 -0.07575758 -0.01980198 -0.00520833 0.00000000 0.00505051 0.02710843 -0.06313131 -0.01694915 0.00000000
a45d8c52-f863-553c-9c75-c97ac4606e1c bt_C_x 0 -0.15866768 -0.10460604 -0.04034335 0.04193493 0.06510060 0.39595705 -0.32673505 -0.14260084 -0.05217651 0.03560606 0.04517163 0.15362006 -0.27580829 -0.06465383 -0.00590909
a45d8c52-f863-553c-9c75-c97ac4606e1c ep_C_x 0 -0.00144300 0.00135501 0.00968188 0.00072254 0.00658695 0.01232877 -0.01734104 -0.00532050 -0.00136986 0.00072254 0.00396915 0.00547945 -0.00523560 -0.00036127 0.00000000
a45d8c52-f863-553c-9c75-c97ac4606e1c ft_C_x 0 -0.10940287 -0.03603021 0.12827715 0.02838006 0.03501122 0.20486914 -0.35091879 -0.19169794 -0.00834273 0.00879369 0.01830724 0.17450422 -0.32661529 -0.04589313 -0.00518602
a45d8c52-f863-553c-9c75-c97ac4606e1c is_D_x 0 -0.01724138 0.01029614 0.02426343 0.01184433 0.01848067 0.02601156 -0.11849711 -0.01309283 0.00000000 0.00485437 0.00727614 0.01184433 -0.05202312 -0.00739244 0.00000000
a45d8c52-f863-553c-9c75-c97ac4606e1c mg_C_x 0 -0.31984586 -0.05346929 0.02208935 0.03039792 0.09470438 0.20267173 -1.24109140 -0.17924251 -0.08958986 0.00908883 0.06149628 0.13485100 -0.71164455 -0.12825381 -0.00251869
a45d8c52-f863-553c-9c75-c97ac4606e1c sp_C_x 0 -0.06624657 -0.04672281 0.01450948 0.04388376 0.05738731 0.07979847 -0.14126394 -0.02033719 -0.01430197 0.00598861 0.03075109 0.05151958 -0.10277717 -0.01621742 -0.01121404
a45d8c52-f863-553c-9c75-c97ac4606e1c ua_C_x 0 -0.19148936 0.01030928 0.03750000 0.02409639 0.09409888 0.20987654 -0.18421053 -0.03071545 -0.01010101 0.02020202 0.02520609 0.03703704 -0.05263158 -0.01219694 0.00000000
5737fe6c-a967-5721-924a-ddd84febb4bd ep_C_x 0 -0.04068117 -0.00200803 0.03230438 0.00000000 0.01738526 0.03621730 -0.04172462 -0.01140174 0.00000000 0.00000000 0.00197239 0.01112656 -0.03407510 -0.00335345 0.00000000
5737fe6c-a967-5721-924a-ddd84febb4bd ft_C_x 1 -0.26760414 -0.06222608 0.05069471 0.01375983 0.06917845 0.20434082 -0.07940566 -0.02616939 -0.00674740 0.00250179 0.01780115 0.04315204 -0.02675154 -0.00999195 -0.00042615
5737fe6c-a967-5721-924a-ddd84febb4bd mg_C_x 1 -0.14660864 -0.06597162 -0.04484917 0.00436791 0.06335527 0.07738438 -0.09093530 -0.03584820 -0.01822835 0.00319194 0.03311646 0.05595955 -0.07106536 -0.01721395 -0.00668191
5737fe6c-a967-5721-924a-ddd84febb4bd sp_C_x 0 -0.08923636 0.05304892 0.10168311 0.00660520 0.05753269 0.15518415 -0.11991676 -0.03782111 -0.02243016 0.00151369 0.02073661 0.04274048 -0.07773889 -0.03076447 -0.00027522
371afe13-1a04-58a6-b97e-031cc3c177c8 ep_C_x 0 0.00000000 0.00000000 0.00464396 0.00000000 0.00456631 0.00462250 -0.00688073 -0.00154083 0.00000000 0.00000000 0.00077042 0.00458716 0.00000000 0.00000000 0.00000000
371afe13-1a04-58a6-b97e-031cc3c177c8 ft_C_x 0 -0.09489014 -0.00677664 0.15644938 0.05272963 0.06026209 0.07339890 -0.08539218 -0.06080805 -0.03861571 0.00767798 0.02026681 0.05594567 -0.04059802 -0.01326052 -0.00005646
371afe13-1a04-58a6-b97e-031cc3c177c8 mg_C_x 0 0.01308309 0.04397346 0.06770265 0.04594446 0.07266270 0.17476805 -0.10510581 -0.02319424 -0.01765147 0.01805274 0.02414897 0.08208955 -0.04382031 -0.01396789 -0.00483882
371afe13-1a04-58a6-b97e-031cc3c177c8 sp_C_x 0 -0.02409147 0.06440377 0.25697302 0.02024979 0.04156656 0.07029289 -0.07154117 -0.03256555 -0.01506276 0.00020921 0.00297078 0.00325832 -0.01200437 -0.00910737 -0.00115063
aeb16079-f2ff-5fc5-9122-a26d279706f0 bt_C_x 1 -0.15419218 -0.08195788 0.01390186 0.01207408 0.13482502 0.23971572 -0.13987604 -0.05108576 -0.00576733 0.00961834 0.03988646 0.13169560 -0.06985682 -0.00668378 -0.00027872
aeb16079-f2ff-5fc5-9122-a26d279706f0 ep_D_x 0 -0.00998004 -0.00048559 0.20182992 0.00330579 0.00883239 0.06180027 -0.01814516 -0.00962087 -0.00275482 0.00000000 0.00361061 0.01198963 -0.01008065 -0.00441962 0.00000000
aeb16079-f2ff-5fc5-9122-a26d279706f0 ft_C_x 0 -0.03911113 0.01446822 0.08522249 0.00977059 0.01479638 0.10282648 -0.17731664 -0.02006006 -0.00406213 0.00078027 0.00828075 0.01577866 -0.05409660 -0.00568840 -0.00245159
aeb16079-f2ff-5fc5-9122-a26d279706f0 is_D_x 0 0.00000000 0.00939247 0.03140097 0.00453858 0.01135102 0.05072464 -0.03018109 -0.01712770 -0.00302572 0.00075643 0.00338702 0.01449275 -0.02112676 -0.00743208 -0.00117096
aeb16079-f2ff-5fc5-9122-a26d279706f0 mg_C_x 0 -0.07201976 0.04700818 0.26977142 0.00575889 0.02606054 0.37716596 -0.14690027 -0.02420560 -0.00354420 0.00281955 0.00805460 0.03301887 -0.11551791 -0.01037152 -0.00117352
aeb16079-f2ff-5fc5-9122-a26d279706f0 sp_C_x 1 -0.20965582 -0.03511059 0.01399818 0.02630289 0.05532455 0.18480584 -0.15665758 -0.05686449 -0.01303318 0.00138866 0.01567987 0.08707124 -0.07081276 -0.01669593 -0.00907744
aeb16079-f2ff-5fc5-9122-a26d279706f0 ua_C_x 1 -0.58201058 -0.49911573 0.02857143 0.02777778 0.08953901 0.22784810 -0.53164557 -0.06395319 -0.01904762 0.00613497 0.03679078 0.11392405 -0.10126582 -0.02302171 0.00000000
842402a9-d5ef-5f7e-a49e-c0a6b084fe91 bt_C_x 0 -0.14436486 -0.01898929 0.03427968 0.01522322 0.01720047 0.08311700 -0.12096451 -0.03166256 -0.00372479 0.00270351 0.01366360 0.04472032 -0.07831634 -0.01018840 -0.00120156
842402a9-d5ef-5f7e-a49e-c0a6b084fe91 ep_D_x 0 -0.00531915 -0.00185726 0.00513573 0.00000000 0.01646863 0.02702703 -0.01451379 -0.00438276 -0.00104232 0.00000000 0.00073046 0.01775148 -0.00666954 -0.00267380 -0.00062539
842402a9-d5ef-5f7e-a49e-c0a6b084fe91 ft_C_x 0 -0.00443120 0.02864236 0.16593380 0.00484083 0.01029764 0.05561455 -0.12335745 -0.01082544 -0.00322451 0.00030298 0.00575551 0.03522365 -0.09939939 -0.00475137 -0.00069741
842402a9-d5ef-5f7e-a49e-c0a6b084fe91 is_D_x 0 -0.01920083 0.01458886 0.04616530 0.00370370 0.01045752 0.03301887 -0.02745098 -0.00899550 -0.00200702 0.00071174 0.00398406 0.01886792 -0.02287582 -0.00142349 0.00000000
842402a9-d5ef-5f7e-a49e-c0a6b084fe91 mg_D_x 0 -0.00673185 0.02972668 0.16582476 0.00928669 0.02714803 0.09416522 -0.07634315 -0.02228996 -0.00803327 0.00192291 0.00885883 0.07894281 -0.02133740 -0.00756487 -0.00177505
842402a9-d5ef-5f7e-a49e-c0a6b084fe91 sp_C_x 0 -0.10731270 -0.02251089 0.02902789 0.00791981 0.04955186 0.10458338 -0.09292391 -0.02778489 -0.00187553 0.00179314 0.00944819 0.03720200 -0.03689291 -0.01705874 -0.00126311
842402a9-d5ef-5f7e-a49e-c0a6b084fe91 ua_C_x 0 -0.23058252 -0.02556818 0.02702703 0.00526316 0.04735376 0.18541033 -0.13677812 -0.02631579 -0.00526316 0.00000000 0.00336700 0.06413994 -0.10942249 -0.01577287 0.00000000
1c924e48-7ab2-5767-b7f1-6a55de33fea9 bt_C_x 0 -0.00206995 0.05011089 0.06568178 0.00413650 0.02615220 0.05606138 -0.02502743 -0.00556337 -0.00155119 0.00155119 0.00881505 0.02373504 -0.02070870 -0.00287181 -0.00010526
1c924e48-7ab2-5767-b7f1-6a55de33fea9 ep_D_x 0 0.00000000 0.20660158 0.22384937 0.00000000 0.00651721 0.04109589 -0.02469136 -0.00295554 0.00000000 0.00000000 0.00077265 0.02739726 -0.02469136 -0.00143285 0.00000000
1c924e48-7ab2-5767-b7f1-6a55de33fea9 ft_C_x 0 0.00548721 0.01965352 0.07653208 0.00812818 0.02072441 0.04805422 -0.02602187 -0.01694982 -0.00388354 0.00118041 0.00470183 0.02173163 -0.01829001 -0.00694213 -0.00172602
1c924e48-7ab2-5767-b7f1-6a55de33fea9 is_D_x 0 -0.00758725 -0.00223214 0.00808190 0.00000000 0.00438126 0.01173021 -0.01162791 -0.00718586 0.00000000 0.00000000 0.00154741 0.00586510 -0.00957702 -0.00193582 0.00000000
1c924e48-7ab2-5767-b7f1-6a55de33fea9 mg_D_x 0 -0.02854888 0.02650899 0.07485989 0.00743341 0.03859287 0.10255292 -0.11958288 -0.02211467 -0.00934216 0.00231474 0.01689769 0.09422719 -0.11856717 -0.01336554 -0.00207193
1c924e48-7ab2-5767-b7f1-6a55de33fea9 sp_C_x 0 -0.02423515 -0.00555629 0.00252045 0.00481058 0.03120420 0.06897824 -0.04907213 -0.01441731 -0.00066946 0.00330728 0.00983053 0.02711379 -0.02719852 -0.00646943 -0.00031179
1c924e48-7ab2-5767-b7f1-6a55de33fea9 ua_C_x 0 -0.02930403 0.19987923 0.29032258 0.00000000 0.01330540 0.04528302 -0.02611940 -0.01335979 0.00000000 0.00000000 0.00000000 0.01587302 -0.01123596 -0.00594586 0.00000000
bfc97d0b-6486-5b81-b518-499506dc32d5 bt_C_x 0 -0.01295050 0.04240297 0.06894380 0.00413650 0.02615220 0.05606138 -0.02502743 -0.00556337 -0.00155119 0.00155119 0.00881505 0.02373504 -0.02070870 -0.00287181 -0.00010526
bfc97d0b-6486-5b81-b518-499506dc32d5 ep_D_x 0 0.00474496 0.21990363 0.27325581 0.00000000 0.00651721 0.04109589 -0.02469136 -0.00295554 0.00000000 0.00000000 0.00077265 0.02739726 -0.02469136 -0.00143285 0.00000000
bfc97d0b-6486-5b81-b518-499506dc32d5 ft_C_x 0 -0.00270207 0.01181072 0.03156117 0.00812818 0.02072441 0.04805422 -0.02602187 -0.01694982 -0.00388354 0.00118041 0.00470183 0.02173163 -0.01829001 -0.00694213 -0.00172602
bfc97d0b-6486-5b81-b518-499506dc32d5 is_D_x 0 -0.01149425 -0.00374509 0.01464208 0.00000000 0.00438126 0.01173021 -0.01162791 -0.00718586 0.00000000 0.00000000 0.00154741 0.00586510 -0.00957702 -0.00193582 0.00000000
bfc97d0b-6486-5b81-b518-499506dc32d5 mg_D_x 0 -0.06961507 0.01095774 0.10191518 0.00743341 0.03859287 0.10255292 -0.11958288 -0.02211467 -0.00934216 0.00231474 0.01689769 0.09422719 -0.11856717 -0.01336554 -0.00207193
bfc97d0b-6486-5b81-b518-499506dc32d5 sp_C_x 0 -0.01046681 -0.00481364 0.03093252 0.00481058 0.03120420 0.06897824 -0.04907213 -0.01441731 -0.00066946 0.00330728 0.00983053 0.02711379 -0.02719852 -0.00646943 -0.00031179
bfc97d0b-6486-5b81-b518-499506dc32d5 ua_C_x 0 -0.03249097 0.19481593 0.29032258 0.00000000 0.01330540 0.04528302 -0.02611940 -0.01335979 0.00000000 0.00000000 0.00000000 0.01587302 -0.01123596 -0.00594586 0.00000000
c3e44437-b14e-5fb1-9b19-ab4e3ff1a693 ep_D_x 0 0.00118064 0.21888307 0.22346369 0.00000000 0.00192791 0.03726708 -0.00766509 -0.00224723 0.00000000 0.00000000 0.00029481 0.00869565 -0.00235849 0.00000000 0.00000000
c3e44437-b14e-5fb1-9b19-ab4e3ff1a693 ft_C_x 1 -0.22246362 -0.01266512 0.04181432 0.00784017 0.02556493 0.07578553 -0.02143083 -0.00934264 -0.00052553 0.00023991 0.00690420 0.01584858 -0.01995466 -0.00320243 -0.00035035
c3e44437-b14e-5fb1-9b19-ab4e3ff1a693 mg_D_x 0 -0.14982055 -0.00648767 0.11862824 0.00312845 0.02666272 0.08022625 -0.05966241 -0.02523247 -0.00447798 0.00171758 0.01035134 0.03708414 -0.03552132 -0.00488703 -0.00049074
c3e44437-b14e-5fb1-9b19-ab4e3ff1a693 sp_C_x 0 -0.06655517 -0.00211610 0.06325349 0.00647103 0.02669144 0.05882353 -0.07498341 -0.01272246 -0.00551441 0.00088798 0.00738604 0.01672196 -0.06479761 -0.01193057 -0.00167842
eec08205-e75f-513e-bf9c-db21219adb32 ep_D_x 0 0.00055991 0.21205256 0.26011561 0.00000000 0.00616340 0.01820388 -0.00946970 -0.00296312 0.00000000 0.00000000 0.00375683 0.00970874 -0.00631313 -0.00139466 0.00000000
eec08205-e75f-513e-bf9c-db21219adb32 mg_D_x 0 -0.20621662 -0.03441804 0.24687829 0.00964896 0.04000184 0.08650422 -0.12769634 -0.06406472 -0.00256619 0.00912603 0.02024652 0.05178326 -0.10619839 -0.00727421 -0.00088775
eec08205-e75f-513e-bf9c-db21219adb32 sp_C_x 0 -0.05947456 -0.02115980 0.06125227 0.01228241 0.05386659 0.18301090 -0.12577993 -0.05373106 -0.01447163 0.00187083 0.01939454 0.08280782 -0.11146718 -0.01751207 -0.00956824
040327d3-30f9-5d84-bd71-98d325def925 ep_C_x 0 -0.01234568 -0.00395552 0.00877193 0.00434783 0.00757114 0.01047120 -0.01250000 -0.00479171 0.00000000 0.00000000 0.00105676 0.00271003 -0.00972222 -0.00370476 0.00000000
040327d3-30f9-5d84-bd71-98d325def925 ft_C_x 0 -0.11020002 -0.00724791 0.19082377 0.03833431 0.07133426 0.14701966 -0.19522719 -0.08700388 -0.03693056 0.02711341 0.03396596 0.07801819 -0.05105049 -0.02574335 -0.00464396
040327d3-30f9-5d84-bd71-98d325def925 mg_C_x 1 -0.44104229 -0.09517234 -0.02027731 0.03683515 0.05681693 0.12391771 -1.04730945 -0.15993315 -0.08049738 0.00602907 0.01403445 0.06283263 -0.06405432 -0.05445671 -0.02581619
040327d3-30f9-5d84-bd71-98d325def925 sp_C_x 0 -0.06605848 0.05922053 0.47323760 0.01609964 0.09130655 0.17442032 -0.27351942 -0.10678324 -0.01184690 0.00425273 0.05357197 0.09865603 -0.12317235 -0.07480764 -0.00425273
529f9c54-6271-5921-b42a-0854f28d9872 bt_C_x 0 -0.05069321 0.00777629 0.03540064 0.01754512 0.02944200 0.05778187 -0.10906671 -0.02631626 -0.01026050 0.00052690 0.00715357 0.03712463 -0.06214141 -0.00479474 -0.00089516
529f9c54-6271-5921-b42a-0854f28d9872 ep_D_x 0 0.00151745 0.00941097 0.02338767 0.00000000 0.00992094 0.01454294 -0.00355872 -0.00242024 0.00000000 0.00000000 0.00025253 0.00948992 -0.00177936 -0.00034626 0.00000000
529f9c54-6271-5921-b42a-0854f28d9872 ft_C_x 0 0.01825293 0.04642122 0.13763813 0.01711053 0.08825394 0.10060606 -0.06492218 -0.01467086 -0.00914620 0.00042431 0.03434794 0.09341414 -0.02533769 -0.00710612 -0.00038761
529f9c54-6271-5921-b42a-0854f28d9872 is_D_x 0 -0.01738672 0.01043648 0.04680365 0.00000000 0.03127698 0.07578188 -0.03929431 -0.02725959 -0.00156495 0.00000000 0.00897186 0.02726281 -0.03448276 -0.01073343 -0.00156495
529f9c54-6271-5921-b42a-0854f28d9872 sp_C_x 0 -0.04292754 0.00260641 0.03730981 0.05999732 0.09240897 0.23004289 -0.17855149 -0.06707413 -0.01785155 0.00108613 0.04428421 0.13116818 -0.07429905 -0.02106406 -0.00863185
529f9c54-6271-5921-b42a-0854f28d9872 ua_C_x 0 -0.07142857 0.00515464 0.05759162 0.02040816 0.03517466 0.06930693 -0.10683761 -0.04395895 -0.02040816 0.00000000 0.01168447 0.02991453 -0.04819277 -0.02688212 0.00000000
d1fc309a-ef19-5e93-aa18-d49847f2d595 bt_C_x 1 -0.16901139 -0.07696770 0.00359417 0.01207408 0.13482502 0.23971572 -0.13987604 -0.05108576 -0.00576733 0.00961834 0.03988646 0.13169560 -0.06985682 -0.00668378 -0.00027872
d1fc309a-ef19-5e93-aa18-d49847f2d595 ft_C_x 0 -0.03983042 0.01122622 0.05249285 0.00977059 0.01479638 0.10282648 -0.17731664 -0.02006006 -0.00406213 0.00078027 0.00828075 0.01577866 -0.05409660 -0.00568840 -0.00245159
d1fc309a-ef19-5e93-aa18-d49847f2d595 is_D_x 0 -0.00719424 0.01563728 0.04631579 0.00453858 0.01135102 0.05072464 -0.03018109 -0.01712770 -0.00302572 0.00075643 0.00338702 0.01449275 -0.02112676 -0.00743208 -0.00117096
d1fc309a-ef19-5e93-aa18-d49847f2d595 mg_C_x 0 -0.05460502 0.02395550 0.03352661 0.00575889 0.02606054 0.37716596 -0.14690027 -0.02420560 -0.00354420 0.00281955 0.00805460 0.03301887 -0.11551791 -0.01037152 -0.00117352
d1fc309a-ef19-5e93-aa18-d49847f2d595 sp_C_x 1 -0.20650933 -0.05874841 -0.02340899 0.02630289 0.05532455 0.18480584 -0.15665758 -0.05686449 -0.01303318 0.00138866 0.01567987 0.08707124 -0.07081276 -0.01669593 -0.00907744
d1fc309a-ef19-5e93-aa18-d49847f2d595 ua_C_x 1 -0.64414414 -0.49099750 0.02127660 0.02777778 0.08953901 0.22784810 -0.53164557 -0.06395319 -0.01904762 0.00613497 0.03679078 0.11392405 -0.10126582 -0.02302171 0.00000000
ec08d7ea-e282-5840-8d86-9c70c3961b12 bt_C_x 0 0.00754631 0.05809314 0.08130139 0.00098351 0.00369731 0.01695035 -0.02795947 -0.00242094 -0.00020820 0.00000000 0.00291476 0.01458928 -0.02770296 -0.00158709 -0.00011897
ec08d7ea-e282-5840-8d86-9c70c3961b12 ep_C_x 0 -0.00104932 0.22155689 0.22360248 0.00000000 0.01482480 0.02857143 -0.02450980 -0.00246914 0.00000000 0.00000000 0.00134771 0.02469136 -0.02450980 -0.00105042 0.00000000
ec08d7ea-e282-5840-8d86-9c70c3961b12 ft_C_x 0 0.01469417 0.02928212 0.04813007 0.00091771 0.00932025 0.01933229 -0.01134256 -0.00285896 -0.00166538 0.00061181 0.00312871 0.01546777 -0.00496551 -0.00162476 -0.00024480
ec08d7ea-e282-5840-8d86-9c70c3961b12 is_D_x 0 -0.02352941 -0.00434153 0.01230769 0.00000000 0.00339443 0.01823708 -0.01807229 -0.00678887 -0.00125313 0.00000000 0.00067889 0.01519757 -0.00769231 -0.00135777 0.00000000
ec08d7ea-e282-5840-8d86-9c70c3961b12 mg_C_x 0 -0.02130132 -0.00136258 0.00714203 0.00150210 0.00435299 0.01152792 -0.01701622 -0.00300139 -0.00076774 0.00053246 0.00217649 0.00741525 -0.01424614 -0.00176326 -0.00006676
ec08d7ea-e282-5840-8d86-9c70c3961b12 sp_C_x 0 -0.00897901 -0.00363331 0.00603611 0.00197577 0.00530348 0.01654979 -0.01156351 -0.00691450 -0.00322363 0.00042602 0.00354925 0.01122020 -0.00744030 -0.00207039 -0.00112202
ec08d7ea-e282-5840-8d86-9c70c3961b12 ua_C_x 0 0.00000000 0.26213592 0.31250000 0.00000000 0.00649351 0.02439024 -0.01538462 0.00000000 0.00000000 0.00000000 0.00000000 0.01315789 -0.01538462 0.00000000 0.00000000
00559c0e-9966-5751-8b18-e900aa9a4bb2 bt_C_x 0 -0.03288154 0.03834002 0.05859998 0.00662788 0.01025981 0.02929885 -0.02669187 -0.01662631 -0.00448604 0.00098135 0.00636810 0.01023776 -0.01805627 -0.00592835 -0.00222688
00559c0e-9966-5751-8b18-e900aa9a4bb2 ep_D_x 0 0.00762943 0.22099692 0.25377644 0.00000000 0.00244706 0.03839913 -0.00879765 -0.00034014 0.00000000 0.00000000 0.00034014 0.00703083 -0.00469208 0.00000000 0.00000000
00559c0e-9966-5751-8b18-e900aa9a4bb2 ft_C_x 0 -0.01649541 0.00506871 0.03921214 0.00230750 0.01448741 0.03025561 -0.02630332 -0.01096659 -0.00334353 0.00062139 0.00331623 0.02695183 -0.01772512 -0.00657353 -0.00156350
00559c0e-9966-5751-8b18-e900aa9a4bb2 is_D_x 0 -0.01212121 0.00766706 0.02215190 0.00000000 0.00562222 0.02167183 -0.01248514 -0.00656930 0.00000000 0.00000000 0.00101505 0.00641026 -0.01129608 -0.00122180 0.00000000
00559c0e-9966-5751-8b18-e900aa9a4bb2 mg_D_x 0 -0.04389943 -0.00300903 0.10887513 0.01804635 0.05304103 0.17376853 -0.06033601 -0.01734719 -0.00610945 0.00014099 0.02884326 0.11759622 -0.02936258 -0.01463486 -0.00190333
00559c0e-9966-5751-8b18-e900aa9a4bb2 sp_C_x 0 -0.00847915 0.00377679 0.01008041 0.00928931 0.01988854 0.08312039 -0.03306970 -0.01597539 -0.00377918 0.00077142 0.00614715 0.02438646 -0.01502719 -0.00511757 -0.00057405
00559c0e-9966-5751-8b18-e900aa9a4bb2 ua_C_x 0 -0.04347826 0.19968324 0.29310345 0.00763359 0.02157200 0.05371901 -0.04347826 -0.02037934 0.00000000 0.00000000 0.00984089 0.04545455 -0.01581028 0.00000000 0.00000000
f7ed71ad-e331-574a-a1e0-946da7005886 bt_C_x 1 -0.20754660 0.02515090 0.05221402 0.00871638 0.06056583 0.35612406 -0.28655170 -0.03539518 -0.00368881 0.00360912 0.02825079 0.08194850 -0.24018697 -0.01531597 -0.00311252
f7ed71ad-e331-574a-a1e0-946da7005886 ep_D_x 0 0.00139782 0.18583357 0.22484277 0.00000000 0.00649684 0.02884338 -0.03800475 -0.00634031 -0.00085580 0.00000000 0.00201904 0.00712589 -0.03562945 -0.00588853 -0.00042790
f7ed71ad-e331-574a-a1e0-946da7005886 ft_D_x 0 -0.00999235 0.02507139 0.04790569 0.00129441 0.00612112 0.05774398 -0.05420863 -0.02409286 -0.00213783 0.00053105 0.00293736 0.01355161 -0.04075861 -0.01014850 0.00000000
f7ed71ad-e331-574a-a1e0-946da7005886 is_D_x 0 -0.01636364 0.00449743 0.03702385 0.00205973 0.01486623 0.09099526 -0.04436229 -0.00677001 -0.00131970 0.00094787 0.00254230 0.04621072 -0.02587800 -0.00378691 -0.00032992
f7ed71ad-e331-574a-a1e0-946da7005886 mg_D_x 0 -0.06606019 0.01756556 0.24473103 0.02019849 0.04234360 0.29317243 -0.29237510 -0.07880312 -0.00993149 0.00013068 0.01797064 0.16474993 -0.11493210 -0.04160300 -0.00082140
f7ed71ad-e331-574a-a1e0-946da7005886 sp_C_x 1 -0.16554593 -0.07086828 0.02898044 0.02572809 0.05698630 0.20347332 -0.14638193 -0.05928510 -0.00706067 0.00136480 0.02570389 0.15930351 -0.11935346 -0.00862527 -0.00018945
f7ed71ad-e331-574a-a1e0-946da7005886 ua_C_x 1 -0.39158576 0.18398853 0.29245283 0.00284091 0.07258828 0.44680851 -0.17987805 -0.03568572 -0.00568182 0.00284091 0.02457381 0.22872340 -0.11585366 -0.01085151 0.00000000
f087be8c-d324-5d1c-af38-08f0c7bb8a43 ep_D_x 0 0.00832342 0.22001163 0.28070175 0.00000000 0.00192791 0.03726708 -0.00766509 -0.00224723 0.00000000 0.00000000 0.00029481 0.00869565 -0.00235849 0.00000000 0.00000000
f087be8c-d324-5d1c-af38-08f0c7bb8a43 ft_C_x 1 -0.27710660 -0.01397319 0.03049422 0.00784017 0.02556493 0.07578553 -0.02143083 -0.00934264 -0.00052553 0.00023991 0.00690420 0.01584858 -0.01995466 -0.00320243 -0.00035035
f087be8c-d324-5d1c-af38-08f0c7bb8a43 mg_D_x 1 -0.10072715 -0.01269873 0.07364242 0.00312845 0.02666272 0.08022625 -0.05966241 -0.02523247 -0.00447798 0.00171758 0.01035134 0.03708414 -0.03552132 -0.00488703 -0.00049074
f087be8c-d324-5d1c-af38-08f0c7bb8a43 sp_C_x 0 -0.05011031 -0.00419272 0.06024096 0.00647103 0.02669144 0.05882353 -0.07498341 -0.01272246 -0.00551441 0.00088798 0.00738604 0.01672196 -0.06479761 -0.01193057 -0.00167842
e0ff62e6-a33d-50c5-a30e-18eb5dd29e1a ep_C_x 0 0.00316122 0.22222222 0.25776398 0.00000000 0.01482480 0.02857143 -0.02450980 -0.00246914 0.00000000 0.00000000 0.00134771 0.02469136 -0.02450980 -0.00105042 0.00000000
e0ff62e6-a33d-50c5-a30e-18eb5dd29e1a ft_C_x 0 -0.00845270 0.02622685 0.03926391 0.00091771 0.00932025 0.01933229 -0.01134256 -0.00285896 -0.00166538 0.00061181 0.00312871 0.01546777 -0.00496551 -0.00162476 -0.00024480
e0ff62e6-a33d-50c5-a30e-18eb5dd29e1a mg_C_x 0 -0.00641471 0.00054236 0.00146712 0.00150210 0.00435299 0.01152792 -0.01701622 -0.00300139 -0.00076774 0.00053246 0.00217649 0.00741525 -0.01424614 -0.00176326 -0.00006676
e0ff62e6-a33d-50c5-a30e-18eb5dd29e1a sp_C_x 0 -0.00697026 -0.00406358 0.00385986 0.00197577 0.00530348 0.01654979 -0.01156351 -0.00691450 -0.00322363 0.00042602 0.00354925 0.01122020 -0.00744030 -0.00207039 -0.00112202
09673377-7de5-5e47-a3a9-a4f6de77a826 ep_D_x 0 0.00561482 0.21066232 0.23460411 0.00000000 0.00649684 0.02884338 -0.03800475 -0.00634031 -0.00085580 0.00000000 0.00201904 0.00712589 -0.03562945 -0.00588853 -0.00042790
09673377-7de5-5e47-a3a9-a4f6de77a826 ft_D_x 0 0.00029880 0.01178410 0.05348131 0.00129441 0.00612112 0.05774398 -0.05420863 -0.02409286 -0.00213783 0.00053105 0.00293736 0.01355161 -0.04075861 -0.01014850 0.00000000
09673377-7de5-5e47-a3a9-a4f6de77a826 mg_D_x 0 -0.05576159 -0.00843787 0.28828053 0.02019849 0.04234360 0.29317243 -0.29237510 -0.07880312 -0.00993149 0.00013068 0.01797064 0.16474993 -0.11493210 -0.04160300 -0.00082140
09673377-7de5-5e47-a3a9-a4f6de77a826 sp_C_x 1 -0.16609364 -0.05787414 0.00957916 0.02572809 0.05698630 0.20347332 -0.14638193 -0.05928510 -0.00706067 0.00136480 0.02570389 0.15930351 -0.11935346 -0.00862527 -0.00018945
da50eab8-83ad-5b4a-972e-b5af51990b11 ep_D_x 0 -0.01938712 0.00198425 0.01445783 0.00000000 0.00649684 0.02884338 -0.03800475 -0.00634031 -0.00085580 0.00000000 0.00201904 0.00712589 -0.03562945 -0.00588853 -0.00042790
da50eab8-83ad-5b4a-972e-b5af51990b11 ft_D_x 0 -0.00900137 0.01517732 0.05526454 0.00129441 0.00612112 0.05774398 -0.05420863 -0.02409286 -0.00213783 0.00053105 0.00293736 0.01355161 -0.04075861 -0.01014850 0.00000000
da50eab8-83ad-5b4a-972e-b5af51990b11 mg_D_x 0 -0.03193001 0.02488892 0.25170047 0.02019849 0.04234360 0.29317243 -0.29237510 -0.07880312 -0.00993149 0.00013068 0.01797064 0.16474993 -0.11493210 -0.04160300 -0.00082140
da50eab8-83ad-5b4a-972e-b5af51990b11 sp_C_x 1 -0.16998507 -0.05210701 0.05228398 0.02572809 0.05698630 0.20347332 -0.14638193 -0.05928510 -0.00706067 0.00136480 0.02570389 0.15930351 -0.11935346 -0.00862527 -0.00018945
cafcdbde-3d55-5f80-aba7-14a549e2fcb4 ep_D_x 0 -0.00213447 0.20975961 0.24651163 0.00000000 0.01556965 0.02985075 -0.00641711 -0.00200018 0.00000000 0.00000000 0.00000000 0.00373134 -0.00478469 -0.00028637 0.00000000
cafcdbde-3d55-5f80-aba7-14a549e2fcb4 ft_C_x 1 -0.31051443 -0.02724631 0.02609473 0.00478284 0.01594801 0.15609285 -0.10022220 -0.01900751 -0.00314795 0.00089942 0.00661238 0.08575020 -0.07990294 -0.01165637 -0.00054964
cafcdbde-3d55-5f80-aba7-14a549e2fcb4 mg_D_x 0 -0.10333563 0.01792059 0.15136256 0.00076258 0.03180371 0.08223813 -0.06152582 -0.01367650 -0.00165226 0.00050839 0.01037659 0.06400256 -0.03659773 -0.00438941 -0.00049834
cafcdbde-3d55-5f80-aba7-14a549e2fcb4 sp_C_x 0 -0.01763304 0.00699368 0.06538301 0.01169591 0.02709755 0.03887568 -0.05074203 -0.01924388 -0.00107725 0.00023538 0.00277108 0.01996418 -0.02013028 -0.00562238 -0.00046168
2c4d5959-1474-5003-81ad-457ca532bfc0 ft_C_x 0 -0.04126268 0.06219754 0.16656787 0.01246472 0.05141737 0.33211382 -0.23688652 -0.12580467 -0.00729069 0.00846127 0.03189585 0.21158537 -0.08526423 -0.04347371 -0.00282220
2c4d5959-1474-5003-81ad-457ca532bfc0 is_D_x 0 0.00000000 0.00583105 0.01015228 0.00864553 0.02218617 0.03478261 -0.02427184 -0.01534570 -0.00869565 0.00864553 0.01539582 0.01941748 -0.01941748 -0.00887965 0.00000000
2c4d5959-1474-5003-81ad-457ca532bfc0 mg_C_x 0 -0.00495613 0.00846847 0.22841807 0.04608918 0.10707147 0.29700206 -0.82000243 -0.14794401 -0.02829905 0.02408753 0.08027187 0.28413642 -0.42626532 -0.12492119 -0.00024496
2c4d5959-1474-5003-81ad-457ca532bfc0 sp_C_x 0 -0.05707413 -0.04169510 0.07333595 0.01461039 0.03499145 0.11872313 -0.84902597 -0.09124421 -0.05310333 0.00778633 0.01796220 0.04655630 -0.32397959 -0.04781894 -0.00219519
2c4d5959-1474-5003-81ad-457ca532bfc0 ua_C_x 0 -0.06024096 0.00704413 0.04938272 0.02564103 0.08589377 0.18918919 -0.21621622 -0.06093514 -0.00970874 0.00000000 0.02044546 0.13513514 -0.16216216 -0.05452489 0.00000000
5da987d5-5882-5982-b932-fcce32ea1ffb bt_C_x 0 -0.02722456 -0.00089057 0.03759128 0.00830457 0.02240877 0.24619647 -0.03662660 -0.02588438 -0.01153203 0.00032355 0.01055560 0.05900542 -0.02782213 -0.00933365 -0.00562674
5da987d5-5882-5982-b932-fcce32ea1ffb ep_C_x 0 -0.00806452 0.00370370 0.03021442 0.00369004 0.01379310 0.15704825 -0.02952030 -0.00786782 0.00000000 0.00000000 0.00369004 0.01702933 -0.00880759 -0.00185874 0.00000000
5da987d5-5882-5982-b932-fcce32ea1ffb ft_C_x 0 -0.01867578 -0.00192916 0.01309489 0.00569114 0.01825729 0.10716779 -0.09698526 -0.02031124 -0.01154362 0.00296416 0.00675222 0.01135729 -0.07369754 -0.00858933 -0.00037237
5da987d5-5882-5982-b932-fcce32ea1ffb is_D_x 0 -0.00578035 0.01805054 0.02185792 0.01453958 0.02659574 0.15573770 -0.18716578 -0.02185792 -0.00872093 0.00161551 0.00819672 0.03208556 -0.05347594 -0.00807754 0.00000000
5da987d5-5882-5982-b932-fcce32ea1ffb mg_C_x 0 -0.02691239 0.00172463 0.06159597 0.02450502 0.03967373 0.30823489 -0.07429847 -0.03667739 -0.02114115 0.01121386 0.02234581 0.23557406 -0.02933673 -0.00994306 -0.00460548
5da987d5-5882-5982-b932-fcce32ea1ffb sp_C_x 0 -0.05821442 -0.01046302 0.04612062 0.02430724 0.06439169 0.09908823 -0.14948955 -0.08768573 -0.02396054 0.00344531 0.01061493 0.06562359 -0.08735586 -0.01755966 -0.00207418
5da987d5-5882-5982-b932-fcce32ea1ffb ua_C_x 0 -0.06250000 0.00000000 0.04651163 0.01904762 0.05128205 0.13861386 -0.24752475 -0.04587156 -0.03571429 0.00000000 0.00990099 0.04444444 -0.13861386 -0.03669725 0.00000000
114659a6-642e-57ce-a2bb-9ccad77255a4 bt_C_x 0 -0.02618685 0.00036379 0.01944972 0.00841106 0.01606130 0.04442113 -0.07270080 -0.01724151 -0.00963546 0.00110625 0.00792345 0.03981846 -0.04677599 -0.00998078 -0.00083278
114659a6-642e-57ce-a2bb-9ccad77255a4 ep_C_x 0 -0.00961538 -0.00029104 0.00272109 0.00269542 0.00956529 0.03120760 -0.02475248 -0.00654140 0.00000000 0.00000000 0.00031566 0.01466544 -0.02475248 -0.00282919 0.00000000
114659a6-642e-57ce-a2bb-9ccad77255a4 ft_C_x 0 -0.01104313 -0.00710118 0.00804167 0.00271961 0.00692320 0.08091160 -0.02975758 -0.01064242 -0.00165399 0.00022884 0.00246485 0.00801577 -0.01422558 -0.00386401 -0.00026698
114659a6-642e-57ce-a2bb-9ccad77255a4 is_D_x 0 -0.02095808 0.00119142 0.00639488 0.00000000 0.00558582 0.01743265 -0.03448276 -0.00571626 0.00000000 0.00000000 0.00169087 0.01086957 -0.02873563 -0.00294401 0.00000000
114659a6-642e-57ce-a2bb-9ccad77255a4 mg_C_x 0 -0.04482277 0.00099595 0.00946667 0.00521728 0.03336437 0.06927982 -0.05493370 -0.02899813 -0.01102893 0.00343416 0.01109478 0.04387680 -0.04752884 -0.00746474 -0.00085554
114659a6-642e-57ce-a2bb-9ccad77255a4 sp_C_x 0 -0.00971027 -0.00357368 0.02853731 0.00288834 0.01720043 0.06299491 -0.05892207 -0.02471538 -0.01157107 0.00023107 0.00674212 0.02795842 -0.04499920 -0.00958417 -0.00358154
114659a6-642e-57ce-a2bb-9ccad77255a4 ua_C_x 0 -0.03314917 -0.00771001 0.02994012 0.00000000 0.02352062 0.04918033 -0.04371585 -0.02186147 -0.00636943 0.00000000 0.00777187 0.04000000 -0.03278689 -0.01595565 0.00000000
d730c11c-5e32-5bcf-85ea-8ccaa0b3cb5b bt_C_x 1 -0.07440626 -0.04140726 0.11295910 0.02043383 0.08790493 0.14314263 -0.21225573 -0.05960169 -0.01943070 0.00502986 0.01813142 0.08918852 -0.14630825 -0.01952168 -0.00398198
d730c11c-5e32-5bcf-85ea-8ccaa0b3cb5b ft_C_x 0 -0.01459838 0.00058141 0.02106717 0.00894572 0.03893173 0.12463624 -0.12676556 -0.02270851 -0.00669784 0.00056911 0.01360228 0.04301228 -0.10007808 -0.01478820 -0.00120878
d730c11c-5e32-5bcf-85ea-8ccaa0b3cb5b is_D_x 0 -0.02898551 -0.00493947 0.01210287 0.00390625 0.01387294 0.03225806 -0.04296875 -0.01419392 -0.00326797 0.00000000 0.00406913 0.02591284 -0.01492537 -0.00487061 0.00000000
d730c11c-5e32-5bcf-85ea-8ccaa0b3cb5b mg_C_x 0 -0.01652586 0.01300602 0.08070030 0.00439993 0.02255540 0.20492262 -0.09803240 -0.03390790 -0.01672187 0.00058666 0.01415446 0.19541302 -0.01948542 -0.00662144 -0.00050601
d730c11c-5e32-5bcf-85ea-8ccaa0b3cb5b sp_C_x 0 -0.03723601 -0.00984076 0.04021748 0.01946772 0.05891845 0.34385522 -0.13241334 -0.04274114 -0.00461805 0.01059635 0.03111640 0.07358728 -0.10146349 -0.00801844 -0.00133277
d730c11c-5e32-5bcf-85ea-8ccaa0b3cb5b ua_C_x 1 -0.08333333 0.00645632 0.06329114 0.00000000 0.10822374 0.25233645 -0.46153846 -0.18911007 0.00000000 0.00000000 0.02033481 0.09523810 -0.20238095 -0.08327124 0.00000000
0073db85-14d1-5cdf-9923-ef7ccab6b8eb ep_C_x 0 0.00000000 0.00000000 0.01522843 0.00000000 0.00950450 0.03732809 -0.00196464 0.00000000 0.00000000 0.00000000 0.00000000 0.01375246 -0.00196464 0.00000000 0.00000000
0073db85-14d1-5cdf-9923-ef7ccab6b8eb ft_C_x 0 -0.00133008 0.00146057 0.00641167 0.00044395 0.00474564 0.00664801 -0.01889279 -0.00402854 -0.00080782 0.00007399 0.00188463 0.00524843 -0.00341006 -0.00110110 -0.00048469
0073db85-14d1-5cdf-9923-ef7ccab6b8eb mg_C_x 0 -0.02456664 0.00140242 0.00276844 0.00040475 0.00259152 0.02777451 -0.04213252 -0.00298747 -0.00014903 0.00000000 0.00126426 0.01753560 -0.02306696 -0.00261892 0.00000000
0073db85-14d1-5cdf-9923-ef7ccab6b8eb sp_C_x 0 -0.00255519 0.00076433 0.00235738 0.00150466 0.00263396 0.00768521 -0.01849785 -0.00323164 -0.00150466 0.00023739 0.00132845 0.00286915 -0.00924892 -0.00092177 -0.00047478
d0a3aebd-56b3-54c3-ad9f-45304a7b2a13 ep_C_x 0 -0.00729927 0.00829991 0.03787879 0.00378072 0.02746697 0.09489051 -0.00735294 0.00000000 0.00000000 0.00000000 0.00278341 0.01449275 -0.00735294 0.00000000 0.00000000
d0a3aebd-56b3-54c3-ad9f-45304a7b2a13 ft_C_x 0 -0.00189036 0.01411468 0.02487648 0.00868878 0.02225779 0.03217343 -0.02080514 -0.01465744 -0.00974197 0.00426136 0.00637087 0.01835250 -0.01987483 -0.00423818 -0.00013808
d0a3aebd-56b3-54c3-ad9f-45304a7b2a13 mg_C_x 0 -0.01945525 -0.00972414 0.00169635 0.01538244 0.02373926 0.03154861 -0.06234910 -0.03863770 -0.02404295 0.00060670 0.01177051 0.02217554 -0.02184135 -0.01396706 -0.00085215
d0a3aebd-56b3-54c3-ad9f-45304a7b2a13 sp_C_x 0 0.00227635 0.00956992 0.01487524 0.01090166 0.02657661 0.03824604 -0.01729598 -0.01635910 -0.00431524 0.00048721 0.00167629 0.01355398 -0.01434200 -0.00573112 -0.00144718
2c4e9687-2f27-586b-a476-f43026c6295d ep_C_x 0 -0.00568182 0.00000000 0.09600000 0.00000000 0.00547445 0.03047619 -0.00952381 0.00000000 0.00000000 0.00000000 0.00372958 0.00729927 -0.00761905 0.00000000 0.00000000
2c4e9687-2f27-586b-a476-f43026c6295d ft_C_x 0 -0.01464723 -0.00459119 0.02295053 0.00569125 0.02613573 0.13282910 -0.03441829 -0.01773544 -0.01417594 0.00094854 0.02180231 0.02490014 -0.02201071 -0.01355707 -0.00225225
2c4e9687-2f27-586b-a476-f43026c6295d mg_C_x 0 -0.01548080 -0.00069570 0.04171412 0.01675898 0.02860293 0.07325407 -0.04550953 -0.01663051 -0.00997677 0.00468703 0.01000419 0.03963373 -0.01335038 -0.00612131 -0.00529181
2c4e9687-2f27-586b-a476-f43026c6295d sp_C_x 0 -0.00676492 0.01385180 0.02684685 0.01335748 0.03628014 0.05083921 -0.02772416 -0.01510401 -0.00249038 0.00486962 0.00747135 0.03259548 -0.00526408 -0.00498893 -0.00045280
2eabfaea-989c-52ec-bdd3-ad96dd70f594 ep_D_x 0 -0.04566210 -0.00264678 0.00114679 0.00000000 0.01556965 0.02985075 -0.00641711 -0.00200018 0.00000000 0.00000000 0.00000000 0.00373134 -0.00478469 -0.00028637 0.00000000
2eabfaea-989c-52ec-bdd3-ad96dd70f594 ft_C_x 0 -0.03359107 -0.00198852 0.01279986 0.00478284 0.01594801 0.15609285 -0.10022220 -0.01900751 -0.00314795 0.00089942 0.00661238 0.08575020 -0.07990294 -0.01165637 -0.00054964
2eabfaea-989c-52ec-bdd3-ad96dd70f594 mg_D_x 0 -0.01264548 0.00815886 0.06250473 0.00076258 0.03180371 0.08223813 -0.06152582 -0.01367650 -0.00165226 0.00050839 0.01037659 0.06400256 -0.03659773 -0.00438941 -0.00049834
2eabfaea-989c-52ec-bdd3-ad96dd70f594 sp_C_x 0 -0.03282689 -0.00290037 0.03499150 0.01169591 0.02709755 0.03887568 -0.05074203 -0.01924388 -0.00107725 0.00023538 0.00277108 0.01996418 -0.02013028 -0.00562238 -0.00046168
1b36464a-ba05-5123-8762-f7ac1f0cad3d bt_C_x 0 -0.10647007 0.09798553 0.16663747 0.05371823 0.09440894 0.13392394 -0.15573989 -0.05798878 -0.03645032 0.01342017 0.04440913 0.10938356 -0.14177378 -0.03988091 -0.00454497
1b36464a-ba05-5123-8762-f7ac1f0cad3d ep_D_x 0 -0.00082136 0.00104530 0.00664622 0.00000000 0.00337975 0.01015744 -0.00761808 -0.00392473 0.00000000 0.00000000 0.00150727 0.00863382 -0.00660234 -0.00069541 0.00000000
1b36464a-ba05-5123-8762-f7ac1f0cad3d ft_C_x 0 0.00788734 0.06341201 0.14184744 0.02111071 0.08292449 0.11650329 -0.08673589 -0.03589095 -0.01279257 0.00577630 0.05474547 0.07369818 -0.03120202 -0.01315106 -0.00235983
1b36464a-ba05-5123-8762-f7ac1f0cad3d is_D_x 0 -0.00646088 0.01791185 0.04451039 0.00844391 0.04047885 0.07233704 -0.08323281 -0.04682163 -0.01828299 0.00088261 0.01193966 0.03551136 -0.04799107 -0.02615114 -0.01235658
1b36464a-ba05-5123-8762-f7ac1f0cad3d mg_C_x 0 -0.11434465 0.04613311 0.17770455 0.01130012 0.06338530 0.21903336 -0.23092921 -0.04392042 -0.00810215 0.00109356 0.01541223 0.02994887 -0.03057394 -0.01362424 -0.00259269
1b36464a-ba05-5123-8762-f7ac1f0cad3d sp_C_x 0 -0.04743043 0.21723411 0.43820337 0.01961830 0.10302957 0.17363610 -0.18613245 -0.05696097 -0.01371096 0.00894681 0.01873002 0.05041202 -0.16687737 -0.01602380 -0.00484731
1b36464a-ba05-5123-8762-f7ac1f0cad3d ua_C_x 0 -0.12987013 0.02424242 0.13294798 0.02366864 0.06542133 0.17164179 -0.58955224 -0.06219119 -0.02366864 0.00510204 0.02204619 0.05789474 -0.11827957 -0.02806122 -0.01052632
